[1, 2, 3, 4, 5]	不能获取
[1, 2, 3, 5, 4]	不能获取
[1, 2, 4, 3, 5]	不能获取
[1, 2, 4, 5, 3]	不能获取
[1, 2, 5, 3, 4]	不能获取
[1, 2, 5, 4, 3]	不能获取
[1, 3, 2, 4, 5]	不能获取
[1, 3, 2, 5, 4]	不能获取
[1, 3, 4, 2, 5]	不能获取
[1, 3, 4, 5, 2]	不能获取
[1, 3, 5, 2, 4]	不能获取
[1, 3, 5, 4, 2]	不能获取
[1, 4, 2, 3, 5]	不能获取
[1, 4, 2, 5, 3]	不能获取
[1, 4, 3, 2, 5]	不能获取
[1, 4, 3, 5, 2]	不能获取
[1, 4, 5, 2, 3]	不能获取
[1, 4, 5, 3, 2]	不能获取
[1, 5, 2, 3, 4]	不能获取
[1, 5, 2, 4, 3]	不能获取
[1, 5, 3, 2, 4]	不能获取
[1, 5, 3, 4, 2]	不能获取
[1, 5, 4, 2, 3]	不能获取
[1, 5, 4, 3, 2]	不能获取
[2, 1, 3, 4, 5]	不能获取
[2, 1, 3, 5, 4]	不能获取
[2, 1, 4, 3, 5]	不能获取
[2, 1, 4, 5, 3]	不能获取
[2, 1, 5, 3, 4]	不能获取
[2, 1, 5, 4, 3]	不能获取
[2, 3, 1, 4, 5]	不能获取
[2, 3, 1, 5, 4]	不能获取
[2, 3, 4, 1, 5]	不能获取
[2, 3, 4, 5, 1]	不能获取
[2, 3, 5, 1, 4]	不能获取
[2, 3, 5, 4, 1]	不能获取
[2, 4, 1, 3, 5]	不能获取
[2, 4, 1, 5, 3]	不能获取
[2, 4, 3, 1, 5]	不能获取
[2, 4, 3, 5, 1]	不能获取
[2, 4, 5, 1, 3]	不能获取
[2, 4, 5, 3, 1]	不能获取
[2, 5, 1, 3, 4]	不能获取
[2, 5, 1, 4, 3]	不能获取
[2, 5, 3, 1, 4]	不能获取
[2, 5, 3, 4, 1]	不能获取
[2, 5, 4, 1, 3]	不能获取
[2, 5, 4, 3, 1]	不能获取
[3, 1, 2, 4, 5]	不能获取
[3, 1, 2, 5, 4]	不能获取
[3, 1, 4, 2, 5]	不能获取
[3, 1, 4, 5, 2]	不能获取
[3, 1, 5, 2, 4]	不能获取
[3, 1, 5, 4, 2]	不能获取
[3, 2, 1, 4, 5]	不能获取
[3, 2, 1, 5, 4]	不能获取
[3, 2, 4, 1, 5]	不能获取
[3, 2, 4, 5, 1]	不能获取
[3, 2, 5, 1, 4]	不能获取
[3, 2, 5, 4, 1]	不能获取
[3, 4, 1, 2, 5]	不能获取
[3, 4, 1, 5, 2]	不能获取
[3, 4, 2, 1, 5]	不能获取
[3, 4, 2, 5, 1]	不能获取
[3, 4, 5, 1, 2]	不能获取
[3, 4, 5, 2, 1]	不能获取
[3, 5, 1, 2, 4]	不能获取
[3, 5, 1, 4, 2]	不能获取
[3, 5, 2, 1, 4]	不能获取
[3, 5, 2, 4, 1]	不能获取
[3, 5, 4, 1, 2]	不能获取
[3, 5, 4, 2, 1]	不能获取
[4, 1, 2, 3, 5]	不能获取
[4, 1, 2, 5, 3]	不能获取
[4, 1, 3, 2, 5]	不能获取
[4, 1, 3, 5, 2]	不能获取
[4, 1, 5, 2, 3]	不能获取
[4, 1, 5, 3, 2]	不能获取
[4, 2, 1, 3, 5]	不能获取
[4, 2, 1, 5, 3]	不能获取
[4, 2, 3, 1, 5]	不能获取
[4, 2, 3, 5, 1]	不能获取
[4, 2, 5, 1, 3]	不能获取
[4, 2, 5, 3, 1]	不能获取
[4, 3, 1, 2, 5]	不能获取
[4, 3, 1, 5, 2]	不能获取
[4, 3, 2, 1, 5]	不能获取
[4, 3, 2, 5, 1]	不能获取
[4, 3, 5, 1, 2]	不能获取
[4, 3, 5, 2, 1]	不能获取
[4, 5, 1, 2, 3]	不能获取
[4, 5, 1, 3, 2]	不能获取
[4, 5, 2, 1, 3]	不能获取
[4, 5, 2, 3, 1]	不能获取
[4, 5, 3, 1, 2]	不能获取
[4, 5, 3, 2, 1]	不能获取
[5, 1, 2, 3, 4]	不能获取
[5, 1, 2, 4, 3]	不能获取
[5, 1, 3, 2, 4]	不能获取
[5, 1, 3, 4, 2]	不能获取
[5, 1, 4, 2, 3]	不能获取
[5, 1, 4, 3, 2]	不能获取
[5, 2, 1, 3, 4]	不能获取
[5, 2, 1, 4, 3]	不能获取
[5, 2, 3, 1, 4]	不能获取
[5, 2, 3, 4, 1]	不能获取
[5, 2, 4, 1, 3]	不能获取
[5, 2, 4, 3, 1]	不能获取
[5, 3, 1, 2, 4]	不能获取
[5, 3, 1, 4, 2]	不能获取
[5, 3, 2, 1, 4]	不能获取
[5, 3, 2, 4, 1]	不能获取
[5, 3, 4, 1, 2]	不能获取
[5, 3, 4, 2, 1]	不能获取
[5, 4, 1, 2, 3]	不能获取
[5, 4, 1, 3, 2]	不能获取
[5, 4, 2, 1, 3]	不能获取
[5, 4, 2, 3, 1]	不能获取
[5, 4, 3, 1, 2]	不能获取
[5, 4, 3, 2, 1]	1 2 3 4 5 
